1520405000 3192.4396946564884
1520405001 3192.4396946564884
1520405002 3192.4396946564884
1520405003 3192.4396946564884
1520405004 3192.4396946564884
1520405005 3192.4396946564884
1520405006 3192.4396946564884
1520405007 3192.4396946564884
1520405008 3192.4396946564884
1520405009 3192.4396946564884
1520405010 3192.4396946564884
1520405011 3192.4396946564884
1520405012 3192.4396946564884
1520405013 3192.4396946564884
1520405014 3192.4396946564884
1520405015 3192.4396946564884
1520405016 3192.4396946564884
1520405017 3192.4396946564884
1520405018 3192.4396946564884
1520405019 3192.4396946564884
1520405020 3192.4396946564884
1520405021 3192.4396946564884
1520405022 3192.4396946564884
1520405023 3192.4396946564884
1520405024 3192.4396946564884
1520405025 3192.4396946564884
1520405026 3192.4396946564884
1520405027 3192.4396946564884
1520405028 3192.4396946564884
1520405029 3192.4396946564884
1520405030 3192.4396946564884
1520405031 3192.4396946564884
1520405032 3192.4396946564884
1520405033 3192.4396946564884
1520405034 3192.4396946564884
1520405035 3192.4396946564884
1520405036 3192.4396946564884
1520405037 3192.4396946564884
1520405038 3192.4396946564884
1520405039 3192.4396946564884
1520405040 3192.4396946564884
1520405041 3192.4396946564884
1520405042 3192.4396946564884
1520405043 3192.4396946564884
1520405044 3192.4396946564884
1520405045 3192.4396946564884
1520405046 3192.4396946564884
1520405047 3192.4396946564884
1520405048 3192.4396946564884
1520405049 3192.4396946564884
1520405050 3192.4396946564884
1520405051 3192.4396946564884
1520405052 3192.4396946564884
1520405053 3192.4396946564884
1520405054 3192.4396946564884
1520405055 3192.4396946564884
1520405056 3192.4396946564884
1520405057 3192.4396946564884
1520405058 3192.4396946564884
1520405059 3192.4396946564884
1520405060 3192.4396946564884
