1520405000 132849440.57431673
1520405001 132849440.57431673
1520405002 132849440.57431673
1520405003 132849440.57431673
1520405004 132849440.57431673
1520405005 132849440.57431673
1520405006 132849440.57431673
1520405007 132849440.57431673
1520405008 132849440.57431673
1520405009 132849440.57431673
1520405010 132849440.57431673
1520405011 132849440.57431673
1520405012 132849440.57431673
1520405013 132849440.57431673
1520405014 132849440.57431673
1520405015 132849440.57431673
1520405016 132849440.57431673
1520405017 132849440.57431673
1520405018 132849440.57431673
1520405019 132849440.57431673
1520405020 132849440.57431673
1520405021 132849440.57431673
1520405022 132849440.57431673
1520405023 132849440.57431673
1520405024 132849440.57431673
1520405025 182287508.9152258
1520405026 182287508.9152258
1520405027 182287508.9152258
1520405028 182287508.9152258
1520405029 182287508.9152258
1520405030 182287508.9152258
1520405031 182287508.9152258
1520405032 182287508.9152258
1520405033 182287508.9152258
1520405034 182287508.9152258
1520405035 182287508.9152258
1520405036 182287508.9152258
1520405037 182287508.9152258
1520405038 182287508.9152258
1520405039 182287508.9152258
1520405040 182287508.9152258
1520405041 182287508.9152258
1520405042 182287508.9152258
1520405043 182287508.9152258
1520405044 182287508.9152258
1520405045 182287508.9152258
1520405046 182287508.9152258
1520405047 182287508.9152258
1520405048 182287508.9152258
1520405049 182287508.9152258
1520405050 182287508.9152258
1520405051 182287508.9152258
1520405052 182287508.9152258
1520405053 186445622.6652258
1520405054 186445622.6652258
1520405055 186445622.6652258
1520405056 186445622.6652258
1520405057 186445622.6652258
1520405058 186445622.6652258
1520405059 186445622.6652258
1520405060 186445622.6652258
