remove 76 0 270693
remove 88 0 292416
remove 132 0 551093
remove 134 0 4158114
remove 148 0 11503
remove 307 0 143277
remove 334 0 49438068
remove 404 0 29402
remove 438 0 1579030
remove 440 0 975055
remove 444 0 1191335
remove 490 0 55448021
remove 526 0 853320
remove 590 0 1653886
remove 695 0 2291058
remove 720 0 2433107
remove 723 0 135262
remove 737 0 34474
remove 754 0 204938
remove 758 0 874436
remove 762 0 1420046
remove 765 0 14596
remove 772 0 14795
remove 790 0 22999
remove 794 0 8808516 25 40295078
remove 813 25 9142990 53 4158114 65 270694 75 292416 87 61525 127 489567 151 29401 297 143277 411 28464259 435 1579030 437 975055 441 1191335 443 34474 472 48115529
remove 844 472 10592
remove 856 472 7321901 484 743170
remove 899 484 44610380
remove 929 484 3750044 520 853320 529 11511419
remove 961 529 167117271 545 22998 586 1653886 693 2291058 700 135262 718 2433107 736 204938 753 874436 759 1420046 806 2475688
remove 1041 806 2417577
remove 1043 806 509779
remove 1045 806 61169574
remove 1048 806 5057183
remove 1052 806 23317865 841 8065070 858 44610380 872 20020 873 54099 921 3632101
remove 1054 921 12482682 1038 68644334 1039 509780 1046 22743335
remove 1057 1046 360721
remove 1058 1046 20647
remove 1066 1046 345655
remove 1067 1046 56229177 1049 30379653
remove 1070 1049 441116
remove 1082 1049 258424
remove 1093 1049 367020
remove 1098 1049 120166
remove 1103 1049 708292
remove 1104 1049 977830
remove 1107 1049 1078284
remove 1110 1049 755398
remove 1115 1049 1017984
remove 1116 1049 156417
remove 1121 1049 1324599
remove 1122 1049 263661
remove 1125 1049 691711
remove 1133 1049 991482
remove 1139 1049 619796
remove 1140 1049 826369
remove 1145 1049 1121306
remove 1148 1049 131487
remove 1169 1049 624130
remove 1173 1049 8327886
remove 1175 1049 722929
remove 1195 1049 52474190 1053 80323763
remove 1282 1053 20021
remove 1341 1053 2944325
remove 1342 1053 3939866 1055 20647 1059 345655 1061 4493525
remove 1344 1061 3818725 1065 441116 1069 367020 1092 748130 1096 80328 1102 977830 1105 1078284 1108 755398 1109 1017984 1114 891345 1118 589671 1120 955371 1124 691380 1131 300103 1132 619796 1138 826369 1142 1121306 1146 755617 1170 738565 1338 8799693 1339 216513274
remove 1412 1339 28518356 1363 287566230
remove 1472 1363 159279
remove 1482 1363 571904
remove 1500 1363 477615
remove 1538 1363 54098
remove 1699 1363 7554071
remove 1739 1363 336692
remove 1751 1363 23612
remove 1781 1363 209192
remove 1789 1363 641560
remove 1811 1363 310705
remove 1814 1363 6242493
remove 1818 1363 541870
remove 1820 1363 1955621
remove 1821 1363 834773
remove 1851 1363 361002
remove 1889 1363 8243869 1465 159279 1480 571904 1496 477615 1587 23612 1683 7554071 1734 336692 1771 13225 1775 209192 1783 95819933 1785 641560 1788 310705 1796 6118299 1810 666065 1817 1955620 1819 834773 1825 4283 1846 361002 1874 7900134 1880 29266515
remove 1945 1880 107664883
remove 1972 1880 24536950 1890 14183 1933 71268801
remove 1988 1933 27407
remove 2044 1933 154691
remove 2049 1933 28351561
remove 2051 1933 7862423 2017 118807858
remove 2070 2017 112697
remove 2071 2017 39910416 2026 154691 2064 57741730
remove 2141 2064 7911086
remove 2190 2064 7900134
remove 2217 2064 24253887 2068 43712360 2106 8437
remove 2240 2106 7762028 2121 60224210
remove 2283 2121 2466950 2127 140620 2213 67974684 2236 67986238 2280 60592588
remove 2314 2280 2202931
remove 2448 2280 636907
remove 2452 2280 820731
remove 2454 2280 918075
remove 2461 2280 936281
remove 2479 2280 499944
remove 2481 2280 44496937
remove 2482 2280 1424
remove 2488 2280 666073
remove 2810 2280 6738252
remove 2812 2280 545739
remove 2817 2280 821511
remove 2846 2280 962684
remove 2859 2280 51352500
remove 2929 2280 9485356
remove 2950 2280 7065583
remove 2979 2280 10417564 2285 2202931 2444 636906 2447 820732 2451 918075 2453 575450 2458 360831 2460 499944 2478 784577 2480 637271 2486 25944 2790 238105
remove 2998 2790 266621
remove 3027 2790 277104
remove 3152 2790 206560 2792 213909
remove 3155 2792 331830 2793 492724
remove 3159 2793 499501
remove 3162 2793 413997
remove 3166 2793 838933
remove 3220 2793 3504707 2811 121358
remove 3251 2811 440394 2814 259759 2816 113603 2841 26778950
remove 3315 2841 24573551 2844 849080 2917 9485356 2942 18118329 2945 7065583 2966 27592706 2990 266621 3019 277104 3024 263523309 3035 3626065 3149 420469 3151 824554 3154 499502 3158 413996 3163 838933 3179 152730559
remove 3330 3179 370859
remove 3357 3179 94480991 3207 80699311
remove 3360 3207 94480991 3218 89590685 3316 191338201
remove 3362 3316 306774
remove 3376 3316 448415
remove 3384 3316 456707
remove 3420 3316 89590684
remove 3428 3316 118120
remove 3457 3316 488989
remove 3458 3316 418352
remove 3459 3316 343906
remove 3461 3316 344677
remove 3472 3316 391976
remove 3475 3316 716945
remove 3477 3316 90446130 3321 370859 3358 306774 3374 448415 3381 456707 3418 118120 3445 419052 3451 69937 3452 762258 3453 344676 3456 8037010
remove 3483 3456 899937
remove 3487 3456 1093925
remove 3562 3456 91749066 3469 391977 3471 716944 3474 730708 3481 169229 3482 627538 3484 466388 3533 280871233
