remove 2 0 769450
remove 7 0 619140150
remove 14 0 961829
remove 18 0 403214803
remove 31 0 190126102 1 1675152 4 24442890 6 215430934
remove 35 6 401528307 11 961829 15 844543 17 213624562
remove 36 17 9686451
remove 44 17 208224728 23 139338 30 209167010
remove 58 30 208364066 33 9686450 34 199173936
remove 61 34 1094224
remove 65 34 366823513 43 200268159
remove 71 43 216956294 57 183849518
remove 75 57 1461415
remove 76 57 4657167
remove 77 57 2722660
remove 80 57 208115051 59 1094224 64 249928441
remove 86 64 218050517
remove 92 64 266915456
remove 104 64 57950623
remove 105 64 128489006 70 266915456 72 5944366 73 2896876 91 100286
remove 119 91 404245703 
remove 135 103 564726929 
remove 138 118 286774618 
remove 139 124 82844
remove 143 124 248934 132 1
remove 144 132 97674 137 1
remove 150 137 13369453
remove 162 137 560616
remove 164 137 416067738 156 560616 163 1
remove 165 163 758035
remove 177 163 414618188 
remove 178 174 820764 
remove 182 176 803451
remove 191 176 427476838 
remove 194 181 110470674 190 6953736
remove 204 190 424847628 
remove 206 199 514711 
remove 210 203 583904
remove 219 203 389574813 208 583904 214 885349 217 210999
remove 223 217 885349 218 634553
remove 227 218 26190
remove 229 218 1506819
remove 231 218 3207704
remove 233 218 410695381 220 4753795 226 621471
remove 239 226 885349 232 465207
remove 241 232 1101016
remove 244 232 551719
remove 247 232 377544234 237 1350556 238 1101016 242 551719
remove 255 242 894619 246 706769
remove 256 246 9409886
remove 265 246 2135668
remove 267 246 272050621 248 10116655 257 266875 261 1868793
remove 273 261 266875 
remove 280 266 407788712 279 1
remove 288 279 397093
remove 291 279 1820241
remove 293 279 199088962
remove 296 279 5461967
remove 298 279 788858
remove 308 279 199751101 286 1185951 287 1820241 294 5461967 
remove 313 303 2016784
remove 322 303 57881
remove 330 303 75342957
remove 336 303 18373744
remove 338 303 71331605
remove 343 303 2291
remove 348 303 45365
remove 349 303 116025681
remove 351 303 27954853
remove 354 303 1470642
remove 355 303 519716
remove 356 303 100737376
remove 357 303 2202695
remove 358 303 75590693
remove 360 303 215563
remove 361 303 2910779
remove 362 303 25867456
remove 367 303 1464386
remove 370 303 98107353
remove 377 303 232286781 304 690339 307 103804204 310 215563 318 2290 323 110130 335 7739703
remove 384 335 2375647
remove 386 335 550097
remove 405 335 3729257
remove 409 335 50674
remove 414 335 632648
remove 420 335 1335901
remove 427 335 3106255
remove 430 335 16658310
remove 431 335 604545
remove 434 335 1140285
remove 448 335 205726912
remove 450 335 39905
remove 455 335 318926
remove 458 335 1480692
remove 459 335 372700
remove 462 335 24525
remove 474 335 1213747
remove 476 335 97748280 340 25867456 341 34294553
remove 486 341 6200443
remove 503 341 35095698 350 657246 353 29301452 365 1464386 371 550098 376 25851170
remove 507 376 100349292
remove 520 376 202009276
remove 525 376 33784127 382 2375647 396 101551295 398 17798595 400 24990 402 5040168 406 250691 407 50674 412 381957 418 107591307 421 556075 424 2550181 426 604545 441 372700 443 39904 447 89021009
remove 541 447 19939061 456 1480692 460 24525 472 1213747 475 3449258
remove 549 475 96900034 480 75968153 488 782392 491 37496281 506 98782179
remove 551 506 103227097 519 56593871
remove 553 519 120578594
remove 556 519 8887742
remove 571 519 47900679 524 26107283 529 82904907
remove 572 529 232714375 537 156912869 540 8887742 548 60700657
remove 584 548 167659388
remove 588 548 6587656 555 167659388 557 55946075
remove 604 557 1942568
remove 607 557 327544257
remove 611 557 73782744 585 1260786 587 58749786
remove 615 587 75043529 595 95981419
remove 616 595 1752893
remove 632 595 72029851 602 1942568 605 1005846 610 104252916
remove 644 610 255106017
remove 647 610 74978265 612 1752893 614 145311721
remove 663 614 1300084
remove 668 614 75431074 643 311061738
remove 677 643 106872
remove 683 643 152925
remove 700 643 600017
remove 703 643 2553146
remove 705 643 597198
remove 710 643 2451154
remove 713 643 1043148
remove 714 643 5534014
remove 717 643 2434856
remove 728 643 1573799
remove 740 643 2126060
remove 741 643 233917
remove 742 643 7141507
remove 743 643 5496382
remove 746 643 6452727
remove 751 643 1118513
remove 755 643 2288561
remove 762 643 1707879
remove 772 643 6619819
remove 773 643 1204074
remove 776 643 8557838
remove 779 643 820648
remove 787 643 798197
remove 794 643 551601
remove 795 643 4692698
remove 796 643 1311017
remove 805 643 682752
remove 811 643 2391225
remove 816 643 1318105
remove 823 643 1624753
remove 831 643 864536
remove 836 643 381136 661 499518
remove 840 661 580183
remove 843 661 220383 667 106872 676 152925 682 439110
remove 851 682 1851850
remove 856 682 527803
remove 857 682 7387820
remove 862 682 1056551
remove 865 682 1215040
remove 866 682 1554191
remove 867 682 6074392
remove 904 682 196084563 696 600017 701 3150344 706 2451154 711 3143107
remove 907 711 3434055 715 2434856 725 1573799 726 233917 734 2323688 737 2692087 738 9748174 744 6452727 747 1118513 752 2288561 759 117804099 760 1707879 763 6455885 764 500356 769 1404236 770 2224202 771 549768 774 6067932 782 798197 788 1447631 789 5107685 801 682752 808 2391225 814 1318105 820 1624753 829 864536 834 880654 837 580183 841 919290 849 1851850 853 7053663
remove 910 853 861960 859 2271591 863 7628583 885 211978200
remove 952 885 3310018
remove 1027 885 1213347
remove 1028 885 1368428
remove 1034 885 1212986
remove 1035 885 878756
remove 1052 885 211971
remove 1061 885 207995814 949 1463955 950 1846063 1025 2581775 1030 1212986 1031 949086 1045 211970 1047 783306 1048 444711 1054 79734025
remove 1069 1054 94330 1063 368201
remove 1073 1063 551349
remove 1074 1063 94330 
remove 1088 1075 580560
remove 1105 1075 545604
remove 1120 1075 608545
remove 1122 1075 642550
remove 1129 1075 845954
remove 1131 1075 1458150
remove 1132 1075 1250688
remove 1136 1075 3949966
remove 1138 1075 29026647
remove 1144 1075 92733785
remove 1150 1075 21575085 1084 580560 1101 545604 1112 92733786 1116 619547 1118 53122836
remove 1151 1118 1945919
remove 1156 1118 2511843
remove 1157 1118 4353611
remove 1162 1118 571027
remove 1164 1118 103562470
remove 1165 1118 706469
remove 1167 1118 25381
remove 1169 1118 1315042
remove 1182 1118 196816822
remove 1185 1118 2184481
remove 1211 1118 37510267 1119 642550 1127 845954 1128 2860751 1134 3650456 1135 103124459 1137 9916603
remove 1215 1137 2061985
remove 1224 1137 25854
remove 1240 1137 124426969 1142 7134 1143 1945919 1147 11264682
remove 1261 1147 26901
remove 1269 1147 4845653
remove 1270 1147 653342
remove 1271 1147 371218
remove 1273 1147 2083565
remove 1277 1147 129378463
remove 1293 1147 1048220
remove 1300 1147 26199
remove 1309 1147 1401229
remove 1322 1147 45717350 1155 4838895
remove 1331 1155 233095 1160 571027 1166 788039
remove 1337 1166 451742
remove 1338 1166 116615540
remove 1341 1166 3093216
remove 1344 1166 1610311
remove 1375 1166 35643388 1183 2017949 1187 46408373 1206 1830377 1210 17638 1212 2061985 1219 8217 1230 65229608
remove 1376 1230 163137
remove 1378 1230 656441
remove 1379 1230 2387149
remove 1383 1230 43677957 1231 407659 1239 58582482
remove 1384 1239 3773707
remove 1387 1239 983335
remove 1388 1239 2496639
remove 1389 1239 940466
remove 1396 1239 160872428 1258 26901 1265 291223 1267 5498995 1268 2163560 1274 14505 1290 9152285 1291 1048220 1298 26199 1306 1401229 1317 960672 1328 2043903 1336 1540840 1339 9882739
remove 1411 1339 164989782
remove 1416 1339 533814
remove 1427 1339 39802037 1365 860959 1371 491918 1372 6846709 1373 2022922 1374 347642 1377 96380060 1381 2698322 1382 51074347
remove 1433 1382 29568416
remove 1439 1382 114280937 1385 3479974 1386 940466 1395 47692189
remove 1447 1395 1973872
remove 1449 1395 3068587
remove 1450 1395 2727845
remove 1452 1395 914043
remove 1460 1395 108613246 1410 101891599
remove 1468 1410 1062254
remove 1474 1410 65673462
remove 1477 1410 25975810 1413 533814 1421 5921791 1426 29568416 1432 166056885
remove 1482 1432 336681 1440 460114 1441 490078 1442 2178424 1443 4450664 1445 1196057 1446 193195177
remove 1489 1446 20207108
remove 1490 1446 62272834 1448 884037 1462 1062253 1467 169266053
remove 1491 1467 1405425
remove 1493 1467 3306673
remove 1501 1467 7022233
remove 1513 1467 417373
remove 1528 1467 6480005
remove 1529 1467 1492072
remove 1531 1467 157345859
remove 1536 1467 633094
remove 1552 1467 2586142
remove 1561 1467 449061
remove 1571 1467 108444780 1476 68781540 1488 5776964 1500 258490304 1509 417373 1525 674323
remove 1588 1525 5805682 1526 2105098 1532 449062 1534 633094 1535 695942 1538 63481724 1550 2586142 1560 50975175
remove 1595 1560 5366141
remove 1601 1560 4360508
remove 1602 1560 1724757
remove 1611 1560 64305337 1570 241127064
remove 1623 1570 3006852
remove 1628 1570 11546881 1580 124152356 1587 119981560
remove 1630 1587 1851140
remove 1633 1587 704435
remove 1647 1587 681044
remove 1654 1587 1493636
remove 1685 1587 50891
remove 1687 1587 2547176
remove 1695 1587 178122520 1591 5737678 1592 48990 1598 620783 1599 3939982 1600 1103973 1618 1543969 1619 1462883 1626 2555575 1627 305266734
remove 1707 1627 5523
remove 1710 1627 3297403
remove 1711 1627 69902200
remove 1712 1627 36251
remove 1723 1627 38148027 1644 681044 1652 1493636 1660 50891 1664 83746948 1684 2547176 1694 447613452
remove 1724 1694 126667723 1699 5523 1700 69902199 1705 781355 1706 2552300 
remove 1737 1722 576127
remove 1741 1722 3040904
remove 1747 1722 1466955
remove 1754 1722 21495
remove 1755 1722 17746
remove 1757 1722 2147726
remove 1758 1722 1900307
remove 1761 1722 2923740
remove 1767 1722 367644382 1734 576127 1739 3040904 1745 1466955 1750 2000422 1751 4834454 1756 176138 
remove 1785 1766 3845862
remove 1788 1766 2183424
remove 1789 1766 5085559
remove 1792 1766 3014968
remove 1793 1766 8462734
remove 1796 1766 2514086
remove 1806 1766 436986185 1782 2699597 1783 2540471 1786 8889745 1790 8563952 1791 2412868 
remove 1810 1805 3195040
remove 1817 1805 3735617
remove 1818 1805 2174931
remove 1819 1805 1565291
remove 1820 1805 155794
remove 1821 1805 1040448
remove 1822 1805 476487
remove 1824 1805 1541929
remove 1825 1805 452840
remove 1851 1805 2256462
remove 1854 1805 52716341 1808 3195040 1812 5276676 1813 4580219 1815 74017411
remove 1855 1815 196364
remove 1858 1815 4476180
remove 1859 1815 3618730
remove 1860 1815 337101 1816 3126883
remove 1880 1816 273023815
remove 1881 1816 2470781
remove 1886 1816 1732943
remove 1887 1816 743503
remove 1888 1816 4128008
remove 1889 1816 665003
remove 1891 1816 2090830
remove 1892 1816 4894209
remove 1904 1816 1810116
remove 1905 1816 5212969
remove 1906 1816 1455094
remove 1907 1816 597178
remove 1908 1816 2332629
remove 1913 1816 1217005
remove 1928 1816 2305338
remove 1930 1816 180144
remove 1935 1816 252457
remove 1940 1816 125502
remove 1943 1816 207014
remove 1960 1816 106190588 1838 248839 1839 1902966 1849 2256462 1856 4309953 1857 4556668 1878 2470781 1883 9298950
remove 1963 1883 61337 1890 2628279
remove 1964 1890 2265930 1901 381326
remove 1967 1901 2030148
remove 1968 1901 1105909 1902 4556741
remove 1969 1902 1370157
remove 1973 1902 469613 1903 851809
remove 1974 1903 642283 1911 50407
remove 1978 1911 1166598 1925 2610983 1927 207015 1929 252457 1934 322852 1937 69733224
remove 1980 1937 6128360
remove 1990 1937 2491485
remove 1998 1937 52882138 1939 73970277 1946 2689615 1961 3914453 1962 4635416 1965 3160343 1971 1321421 1972 692691 1976 2220556 1977 3907804 1981 250025808
remove 1999 1981 3131222
remove 2001 1981 4220936
remove 2002 1981 839928
remove 2004 1981 2536705
remove 2006 1981 4041700
remove 2034 1981 140368664 1988 2491485 1996 3131222 1997 1853128 2003 4041700 2005 366792316
remove 2047 2005 736973
remove 2049 2005 4006323
remove 2054 2005 3687643
remove 2065 2005 62507
remove 2073 2005 3528701
remove 2076 2005 70552872 2033 118623975
remove 2078 2033 115332700 2044 1782108 2045 2997173 2046 2934423 2048 54956575
remove 2081 2048 546399
remove 2084 2048 1720255
remove 2085 2048 790930
remove 2086 2048 535239
remove 2087 2048 837739
remove 2099 2048 236076865
remove 2102 2048 5728317
remove 2110 2048 4218602
remove 2128 2048 148083708 2050 88013207
remove 2137 2050 2456254
remove 2145 2050 86651343 2068 65837378
remove 2148 2068 141297087 2069 3528701 2074 23119 2077 48022715
remove 2154 2077 29393
remove 2157 2077 37832301
remove 2160 2077 623704
remove 2162 2077 103188478 2079 1131799 2080 2745783 2097 2120191 2098 67934553
remove 2174 2098 760977
remove 2185 2098 18894233
remove 2218 2098 608977
remove 2243 2098 665579
remove 2248 2098 458378
remove 2253 2098 209186
remove 2254 2098 91243087 2100 5728317 2103 684753 2105 62950559
remove 2260 2105 920361
remove 2263 2105 2119061
remove 2285 2105 21721830 2107 4218602 2112 135940306
remove 2301 2112 56931316 2127 261462629
remove 2307 2127 43303905 2132 25857 2134 2430397 2151 29393 2153 623704 2164 160606715 2165 97746563
remove 2310 2165 51685166 2171 760977 2214 608977 2219 21233 2221 85158208
remove 2311 2221 45872209
remove 2315 2221 100100024 2225 308212 2226 209186 2239 357367 2246 458378 2257 920361 2261 2119061 2284 44959140
remove 2325 2284 8912069
remove 2327 2284 292200794 2306 90574020
remove 2340 2306 688048
remove 2344 2306 611444
remove 2346 2306 3204083
remove 2351 2306 43156966 2309 8912070 2321 128008469
remove 2359 2321 35499836 2324 180077505 2326 264833398
remove 2361 2326 1621525
remove 2363 2326 163508305
remove 2382 2326 31478990
remove 2388 2326 18968522 2338 1653188 2342 2850387 2352 1621525 2358 511573387
remove 2401 2358 371428
remove 2408 2358 24722194 2360 45064009
remove 2409 2360 5934255
remove 2413 2360 3558017
remove 2418 2360 100994201 2387 23988748
remove 2429 2387 356546288 2397 371428 2398 23617320
remove 2434 2398 152527391
remove 2441 2398 124071493
remove 2482 2398 1242645
remove 2483 2398 1780374
remove 2495 2398 106722727 2405 421119 2406 1671041 2407 5934255 2410 3558017 2421 29433 2428 361430562
remove 2523 2428 92639417 2462 25667743 2480 1242645 2481 1780374 2494 435661497
remove 2528 2494 1136542
remove 2529 2494 778882
remove 2541 2494 451770
remove 2543 2494 64757566
remove 2576 2494 54205418 2518 454206204 2522 249261173
remove 2608 2522 54205418 2524 1136543 2525 778881 2538 451770 2575 448043330
remove 2627 2575 56572611 2607 1
remove 2636 2607 332295313
remove 2650 2607 466506
remove 2652 2607 1499102
remove 2658 2607 110035875
remove 2659 2607 109709562 2630 88052279
remove 2710 2630 110470114 2632 111240932
remove 2724 2632 1716174
remove 2728 2632 1189503
remove 2742 2632 83615231 2633 110035876 2645 1461171 2647 504437 2709 309015362
remove 2750 2709 2281051
remove 2751 2709 876216
remove 2752 2709 632219
remove 2772 2709 191827229 2722 1716174 2725 1189503 2741 363865125
remove 2776 2741 194732906 2746 707006 2747 920478 2748 2162002 2771 1
remove 2801 2771 573747943 
remove 2832 2800 1319869
remove 2836 2800 418291
remove 2837 2800 285416
remove 2843 2800 781903
remove 2852 2800 3127364
remove 2857 2800 160673425
remove 2872 2800 299388392 2827 1467078 2828 418291 2829 138207 2838 239325311 2841 781903 2850 3127364 2859 29156662
remove 2893 2859 650953
remove 2900 2859 543995594 2869 9217786 2891 650953 
remove 2921 2899 131531754
remove 2940 2899 391567651 2924 38906050
remove 2945 2924 391567651 2944 1
remove 2950 2944 597982
remove 2978 2944 540344421 2948 597982 
remove 2983 2977 1014593
remove 2992 2977 1673906
remove 2999 2977 54557
remove 3005 2977 1074627
remove 3007 2977 1167395
remove 3010 2977 877305
remove 3018 2977 572861
remove 3029 2977 145720419
remove 3030 2977 58239131 2980 50754669
remove 3031 2980 22596781
remove 3035 2980 1096655
remove 3058 2980 335276
remove 3061 2980 7067912
remove 3062 2980 6041506
remove 3063 2980 8603793
remove 3067 2980 6297424
remove 3071 2980 2456223
remove 3077 2980 38034
remove 3091 2980 1997772
remove 3096 2980 138447267
remove 3112 2980 3807261
remove 3114 2980 102653749 2981 22638443
remove 3130 2981 211342469 2993 1382 3000 95728553 3003 2859486 3004 637272 3015 572861 3022 430847 3027 1551515 3028 138447267 3033 1096655 3059 9420777 3060 11819433 3064 6297424 3065 2456223 3066 26954312
remove 3131 3066 683252
remove 3136 3066 20802558 3074 38034 3086 26034 3088 1971738 3092 604441 3094 82483434 3095 153418447
remove 3141 3095 255095
remove 3152 3095 2878845
remove 3153 3095 2630141
remove 3157 3095 3983776
remove 3159 3095 80725413
remove 3161 3095 91171427 3109 3807261 3113 127952511
remove 3167 3113 462506
remove 3171 3113 14552
remove 3173 3113 52709755
remove 3176 3113 80450574
remove 3178 3113 3814194
remove 3181 3113 2438857
remove 3182 3113 349138
remove 3184 3113 1385552
remove 3185 3113 2386664
remove 3187 3113 49521138 3116 80586332
remove 3190 3116 1174039
remove 3191 3116 3258847
remove 3192 3116 2644257
remove 3194 3116 5365687
remove 3195 3116 25193
remove 3197 3116 81404305 3125 255096 3126 683252 3129 44803356
remove 3202 3129 665220
remove 3204 3129 2146985
remove 3206 3129 1324806
remove 3208 3129 130043712
remove 3212 3129 1302244
remove 3216 3129 861230
remove 3220 3129 41783646 3135 72955245
remove 3224 3135 20112794
remove 3226 3135 58329192
remove 3227 3135 18922676
remove 3228 3135 1177832
remove 3231 3135 103390363 3149 2878844 3150 291869
remove 3234 3150 2338273 3155 3983776 3160 7676137
remove 3238 3160 14852020
remove 3242 3160 18793203
remove 3244 3160 25059122
remove 3247 3160 4361531
remove 3253 3160 14664129
remove 3257 3160 13418143 3162 477058 3175 4562594
remove 3263 3175 125544876 3177 740936 3179 3432611 3183 2386665 3186 129678183 3188 8887738 3189 3555092 3193 25193 3196 3168983
remove 3266 3196 697795
remove 3268 3196 3112875
remove 3269 3196 667737
remove 3271 3196 613934
remove 3282 3196 121782388 3199 1470502 3200 665220 3201 676483 3203 1324806 3207 115823784 3210 1025733 3214 52848 3217 1692140 3219 16673480 3221 1747174 3223 18922676 3229 15690923 3230 1213409 3232 22723875
remove 3295 3232 1141673
remove 3296 3232 17430752
remove 3306 3232 1318694
remove 3307 3232 1594948
remove 3309 3232 10249593
remove 3310 3232 1330235
remove 3318 3232 214931100 3233 13638611 3237 18793203 3241 5396890
remove 3324 3241 19662232 3243 18432119 3245 593540 3252 18457795 3256 219676657
remove 3351 3256 33083147 3262 277554806 3264 2577698 3265 582517 3267 672778 3281 27680345 3293 1141673 3304 1318695 3305 2925183 3308 23399457
remove 3354 3308 6182457
remove 3355 3308 5137313
remove 3356 3308 1329413
remove 3365 3308 152569430
remove 3376 3308 6177749 3317 146172341
remove 3383 3317 103669557
remove 3385 3317 130378781 3325 1007348 3328 150472496
remove 3394 3328 73134798 3329 221695801
remove 3402 3329 104877425 3334 87062806 3335 912615 3349 103669556 3350 1426763
remove 3410 3350 224614642
remove 3425 3350 67876580 3352 3364803 3382 146697408 3393 198513923
remove 3428 3393 1227978
remove 3432 3393 146697408
remove 3454 3393 71241383 3409 345477745
remove 3455 3409 70886764 3424 214716246
remove 3461 3424 45315373 3438 354620 3446 214361626
remove 3480 3446 191392
remove 3488 3446 71049992 3453 422941133
remove 3490 3453 71049992 3460 421469793
remove 3497 3460 1671858
remove 3514 3460 671066
remove 3521 3460 120077
remove 3523 3460 622623
remove 3524 3460 415982
remove 3526 3460 67548386 3465 191392 3471 95179540 3487 220962438
remove 3536 3487 161208873 3489 220454359
remove 3543 3489 1375198
remove 3544 3489 1487565
remove 3547 3489 1349382
remove 3549 3489 508079
remove 3563 3489 158707173 3492 1671858 3512 1087048 3519 742700 3525 77739223
remove 3567 3525 162674626 3535 429940343
remove 3576 3535 465846
remove 3581 3535 162208780 3541 2862763 3545 1349382 3561 99543112
remove 3584 3561 580300
remove 3585 3561 1215494
remove 3588 3561 1610559
remove 3594 3561 3665059
remove 3599 3561 159557350
