remove 107 0 3192 98 683980
remove 237 98 3192 231 937864
remove 372 231 3192 363 560938
remove 503 363 3192 495 686135
remove 632 495 3192 
remove 643 631 3243 636 857005
remove 755 636 3243 752 4196336
remove 761 752 3243 759 4475775
remove 788 759 3243 781 780554
remove 925 781 3243 919 815847
remove 1072 919 3243 1061 496792
remove 1203 1061 3243 1192 510739
remove 1334 1192 3243 1328 801886
remove 1473 1328 3243 1464 21506
remove 1483 1464 575829
remove 1614 1464 3243 1604 398004
remove 1618 1604 3243 1613 1026957
remove 1634 1613 3243 1623 188325 1632 3675144
remove 1635 1632 188326
remove 1644 1632 32685
remove 1747 1632 3243 1739 722183
remove 1889 1739 3243 1881 821879
remove 1914 1881 3243 1906 90752323
remove 1973 1906 3243 1968 90128590 1970 2211972
remove 1979 1970 868872
remove 2021 1970 3243 2013 759996
remove 2060 2013 3243 2058 3525825
remove 2063 2058 3242 2059 2412916
remove 2066 2059 3242 2062 3218235 2064 218133
remove 2069 2064 3243 2067 665880
remove 2072 2067 3752947
remove 2080 2067 3243 2073 2281672 2077 791042
remove 2083 2077 3242 2079 313810
remove 2086 2079 2252205
remove 2089 2079 3243 2085 4587052
remove 2092 2085 3008853 2090 4229112
remove 2093 2090 1844624
remove 2162 2090 3243 2153 480434
remove 2294 2153 3243 2285 617621
remove 2431 2285 3243 2423 681327
remove 2440 2423 3243 2430 489993
remove 2558 2430 3243 
remove 2561 2555 1052387 
remove 2704 2557 3290 2697 970766
remove 2826 2697 3290 2823 7271962
remove 2837 2823 3290 2829 919169
remove 2971 2829 3290 2964 105042
remove 2978 2964 678253
remove 3082 2964 3290 3078 1592410
remove 3110 3078 3290 3100 499176
remove 3221 3100 3290 3218 1138923
remove 3250 3218 3290 3241 652725
remove 3282 3241 3290 3280 1397575
remove 3291 3280 3290 3286 379464
remove 3385 3286 3290 3378 728730
remove 3525 3378 3290 3519 912700
remove 3532 3519 3290 3526 757339
remove 3560 3526 3290 3557 6178836
