remove 1 0 89136
remove 7 0 289768023
remove 10 0 67486
remove 76 0 280274
remove 85 0 168469
remove 90 0 276852
remove 98 0 59438095
remove 104 0 65545
remove 110 0 68628
remove 161 0 62160459 5 67487 6 42966990
remove 164 6 13587
remove 169 6 43940
remove 183 6 75318
remove 272 6 149566
remove 276 6 46660045
remove 306 6 205982
remove 309 6 62269628
remove 326 6 552472
remove 356 6 1262944
remove 547 6 5500
remove 574 6 59817824
remove 749 6 1019
remove 773 6 8355437
remove 782 6 273240
remove 787 6 196180
remove 794 6 89316724 9 59438094 71 280274 75 168469 84 276852 102 134172 109 105208524 166 43940 168 8823258
remove 858 168 50994565 180 75318 188 445393 264 149566 271 46660045 301 205982 305 62269628 324 552472 327 817551 536 278740 748 54126005
remove 859 748 129319
remove 934 748 15398028 776 80193103
remove 963 776 69653351
remove 1015 776 113843853 785 196180 852 129319 857 20381246
remove 1295 857 127838746 956 162944 961 24433282
remove 1440 961 353281
remove 1520 961 195407
remove 1524 961 10604
remove 1567 961 716849
remove 1570 961 8620276
remove 1618 961 61500
remove 1624 961 124727
remove 1662 961 63322174
remove 1680 961 158088
remove 1682 961 132507
remove 1697 961 56337
remove 1706 961 36202622 965 152434971 1294 10604 1435 353281 1495 195407 1530 44962278
remove 1781 1530 95446
remove 1789 1530 46415545
remove 1802 1530 847199
remove 1843 1530 148374520 1555 8620276 1564 716849 1615 117837 1621 124727 1661 219720285
remove 1851 1661 287809
remove 1860 1661 14151069 1674 158088 1679 132507 1705 133778328
remove 1871 1705 77046024
remove 1889 1705 30902289 1773 95445 1780 46415546 1795 847199 1818 109501 1825 237406325
remove 1896 1825 140158668 1847 287808 1850 77046024 1859 24234140
remove 1913 1859 274010
remove 1925 1859 18643138
remove 1972 1859 128145
remove 1980 1859 132811
remove 1994 1859 90526
remove 1996 1859 1188243
remove 2030 1859 106130043 1870 22235543
remove 2041 1870 310283
remove 2048 1870 125793
remove 2088 1870 139316476
remove 2098 1870 11621563
remove 2122 1870 389611
remove 2146 1870 37443666
remove 2209 1870 3257931
remove 2221 1870 1190667
remove 2222 1870 1129048
remove 2232 1870 13569
remove 2242 1870 29898
remove 2285 1870 98712257 1895 74979714
remove 2316 1895 107545897
remove 2320 1895 279374
remove 2325 1895 3137506
remove 2332 1895 17448352 1908 274010 1917 18643138 1929 494085
remove 2431 1929 2763846 1969 128145 1977 132811 1987 19286 1990 71240 1991 1188242 1993 128365587 2035 310283 2045 125793 2079 116983 2087 70168628
remove 2432 2087 24631158
remove 2443 2087 78892185 2106 389611 2136 223623 2141 37220043 2212 141926 2214 126369 2218 2064989 2231 29898 2277 12552812
remove 2476 2277 61376409 2284 154687421
remove 2479 2284 45188506 2298 33616676 2315 279374 2322 3137506 2328 36859585 2336 283187 2430 80511093
remove 2489 2430 147464
remove 2587 2430 283187
remove 2638 2430 1112418
remove 2698 2430 49587294 2458 147464 2478 164779269
remove 2727 2478 49734758 2634 1112418 2697 179502879
remove 2768 2697 905600
remove 2885 2697 2380353
remove 2991 2697 139317
remove 3059 2697 43048215
remove 3071 2697 779354
remove 3122 2697 2421253
remove 3126 2697 435652
remove 3138 2697 693444
remove 3199 2697 43989 2726 158753369 2764 905600 2879 2380353 2884 42219545 2905 10503001
remove 3218 2905 71923643
remove 3320 2905 179003
remove 3330 2905 22891063 2988 139317 3055 828670 3067 779354 3083 435652 3116 2421252 3121 71923644 3133 693444 3176 214805857 3314 179003 3319 364762166
remove 3357 3319 207042
remove 3366 3319 314890214 3348 18337 3351 188705 3356 440251090
remove 3377 3356 546455
remove 3378 3356 682048
remove 3391 3356 41538085
remove 3401 3356 837550
remove 3436 3356 324459
remove 3446 3356 232732869
remove 3457 3356 1389684
remove 3553 3356 16336896
remove 3560 3356 196730
remove 3573 3356 198788
remove 3598 3356 142551
