1520405000 1214212334.0866768
1520405001 1215887486.0866768
1520405002 1215118036.5866768
1520405003 1215118036.5866768
1520405004 1239560926.2247725
1520405005 1239560926.2247725
1520405006 1856520167.0462008
1520405007 1237380017.2186143
1520405008 1237380017.2186143
1520405009 1237380017.2186143
1520405010 1237380017.2186143
1520405011 1238341846.7186143
1520405012 1238341846.7186143
1520405013 1238341846.7186143
1520405014 1237380017.2186143
1520405015 1238224560.2186143
1520405016 1238224560.2186143
1520405017 1669760301.0647686
1520405018 1266545498.99334
1520405019 1266545498.99334
1520405020 1266545498.99334
1520405021 1266545498.99334
1520405022 1266545498.99334
1520405023 1266684836.99334
1520405024 1266684836.99334
1520405025 1266684836.99334
1520405026 1266684836.99334
1520405027 1266684836.99334
1520405028 1266684836.99334
1520405029 1266684836.99334
1520405030 1684215912.99334
1520405031 1252540834.147186
1520405032 1252540834.147186
1520405033 1262227284.4805193
1520405034 1829318957.0805194
1520405035 1212359716.259091
1520405036 1202673265.9257574
1520405037 1202673265.9257574
1520405038 1202673265.9257574
1520405039 1202673265.9257574
1520405040 1202673265.9257574
1520405041 1202673265.9257574
1520405042 1202673265.9257574
1520405043 1619897718.068615
1520405044 1202366642.068615
1520405045 1202366642.068615
1520405046 1202366642.068615
1520405047 1202366642.068615
1520405048 1202366642.068615
1520405049 1202366642.068615
1520405050 1202366642.068615
1520405051 1202366642.068615
1520405052 1202366642.068615
1520405053 1202366642.068615
1520405054 1202366642.068615
1520405055 1202366642.068615
1520405056 1202366642.068615
1520405057 1603172453.8543286
1520405058 1185948001.7114718
1520405059 1187042225.2114718
1520405060 1187042225.2114718
