1520405000 412382967.3321648
1520405001 412293831.3321648
1520405002 412293831.3321648
1520405003 412293831.3321648
1520405004 412293831.3321648
1520405005 412361318.1321647
1520405006 724527714.6292269
1520405007 434759691.07367146
1520405008 434759691.07367146
1520405009 494197785.91458046
1520405010 494130299.11458045
1520405011 494130299.11458045
1520405012 494130299.11458045
1520405013 494130299.11458045
1520405014 494130299.11458045
1520405015 494130299.11458045
1520405016 494130299.11458045
1520405017 494130299.11458045
1520405018 494130299.11458045
1520405019 494130299.11458045
1520405020 494130299.11458045
1520405021 494130299.11458045
1520405022 494130299.11458045
1520405023 494130299.11458045
1520405024 494130299.11458045
1520405025 494130299.11458045
1520405026 494130299.11458045
1520405027 494130299.11458045
1520405028 494130299.11458045
1520405029 494130299.11458045
1520405030 494130299.11458045
1520405031 494130299.11458045
1520405032 494130299.11458045
1520405033 494130299.11458045
1520405034 494130299.11458045
1520405035 494130299.11458045
1520405036 494130299.11458045
1520405037 494130299.11458045
1520405038 494130299.11458045
1520405039 494130299.11458045
1520405040 494130299.11458045
1520405041 494130299.11458045
1520405042 494130299.11458045
1520405043 494130299.11458045
1520405044 494130299.11458045
1520405045 494130299.11458045
1520405046 494130299.11458045
1520405047 494130299.11458045
1520405048 494130299.11458045
1520405049 494130299.11458045
1520405050 494130299.11458045
1520405051 494130299.11458045
1520405052 494130299.11458045
1520405053 494130299.11458045
1520405054 494130299.11458045
1520405055 494130299.11458045
1520405056 494130299.11458045
1520405057 494130299.11458045
1520405058 494130299.11458045
1520405059 494130299.11458045
1520405060 494130299.11458045
