1132471
291584474
911571325
915980131
915983323
965324442
965492171
965495414
968831502
968834745
969110941
969114184
1055387489
1173670086
1182203998
1271793938
1272662810
1272666053
1298944091
1298947334
1301709920
1301713162
1304126078
1304129320
1305023352
1473389451
1473392694
1511357650
1512035903
1512039193
1512845018
1512848308
1517431444
1517431444
1129279
291876890
292427983
915729439
915757985
965321250
1055416891
1056995921
1057970976
1059162311
1114610332
1115463652
1117117538
1119408596
1121841703
1121976965
1122011439
1122216377
1123090813
1124510859
1124525455
1124540250
1124563249
1133371765
1173666843
1182809833
1186967947
1187238641
1187531057
1209350790
1272673402
1279995303
1280738473
1325348853
1391393529
1471544827
1635386666
1637040552
1637677724
1637955035
2001674404
2093408705
2093918484
2096580510
2133115227
2133135247
2133189346
2133189346
89136
290900494
1209418276
1209698550
1209867019
1210143871
1269581966
1325414398
1325483026
1387643485
1465242908
1465286848
1465362166
1465511732
1512171777
1573724928
1574277400
1575540344
1575545844
1635363668
2030668937
2039024374
2039297614
2039493794
2090991128
2100139347
2124572629
2124925910
2125121317
2125131921
2125848770
2134469046
2134530546
2134655273
2134655273
858586
911568133
1627453115
2030667918
2048307653
2100233973
2100233973
Exection takes time
804.714314938
